2
3
5
7
11
101
103
107
109
113
211
223
227
229
233
239
241
251
257
263
269
271
277
281
283
401
409
419
421
431
433
439
443
449
457
461
463
467
479
487
491
499
503
509
521
523
541
547
557
563
569
601
607
613
617
701
709
719
727
733
739
743
751
757
761
769
773
787
809
811
821
823
827
829
839
853
857
859
863
877
881
907
911
919
929
937
941
947
953
967
971
977
1103
1109
1117
1123
1129
1151
1153
1163
1171
1181
1187
1193
1409
1423
1427
1429
1433
1511
1523
1531
1543
1549
1553
1559
1567
1571
1579
1583
1597
1601
1607
1609
1613
1619
1621
1627
1637
1657
1663
1667
1669
1693
1697
1699
1709
1721
1723
1733
1801
1811
1823
1831
1847
1861
1867
1871
1873
1877
1879
1889
1901
1907
1913
1931
1933
1949
1951
1973
1979
1987
1993
1997
1999
